{{0.0,3.80764139593,7.23496323418,10.6607798026,13.5828887944,17.390754009,18.147071637,19.3322769999,22.931994004,24.4736774515,28.1406101213,30.5465206693,34.2606304962,37.0427418667,40.0199532858,43.1909133152,42.6540374877,39.1176837888,35.5465554027,32.5574424671,28.8007907704,28.652302979,28.7544699308,25.0648296623,25.1326601258,24.0387412524,23.2025272115,19.7138423195,16.1082345091,15.0051345879,12.9717410551,10.6727009702,6.91027973385,5.32419355396,3.73623915187},
{3.80764139593,0.0,3.80524558997,6.97041325891,9.79755750175,13.6098675967,14.3811934832,15.6867833223,19.2202041092,20.6869967129,24.348873054,26.7775117216,30.5016418411,33.2927430231,36.3085454404,39.5150961785,39.0828112218,35.5420461144,31.9288360264,28.9393505283,25.2156102444,25.1944829477,25.5209545668,21.9062059472,22.3555475442,21.5546990236,21.1261654826,17.8117377591,14.3654043452,12.5864344832,11.1606489507,9.2899413884,5.92761073283,5.98814879575,6.50810709807},
{7.23496323418,3.80524558997,0.0,3.86346308381,6.81886273509,10.5032496876,11.5860689623,12.3794491396,15.9289288403,17.7462175406,21.2838098328,23.4743482125,27.1700342473,29.9158009754,32.8310219457,35.978747588,35.4235858292,31.884410799,28.3128373004,25.3458912055,21.5882596334,21.4575366014,21.7219655648,18.1088120262,18.6304711696,18.0156400941,17.7680947206,14.6493246943,11.3900306409,9.12737097964,8.34376707489,7.01441066662,4.97106557993,6.98308241395,9.16174121005},
{10.6607798026,6.97041325891,3.86346308381,0.0,3.80465530633,7.26224793022,7.78733131438,8.72351018799,12.2721574713,14.0114205561,17.6089843546,19.9794597274,23.6518064004,26.5536221823,29.4876288806,32.7642366766,32.3830917301,28.7844974075,25.1673231592,22.0670877553,18.374458822,18.6944149414,19.2315749485,15.7757628659,16.9311550403,16.5689423621,17.114852059,14.3500286062,11.7987504847,9.03858805345,9.7603224332,8.9816897074,8.10092920596,10.0324132192,12.360166706},
{13.5828887944,9.79755750175,6.81886273509,3.80465530633,0.0,3.81402530144,5.56183827525,7.20611809506,10.0622375742,11.2960872872,14.7886766818,17.0860024874,20.8564245737,23.561530362,26.6887725645,29.9308807254,29.7760404688,26.2823942022,22.5614504188,19.6992708495,16.1426460346,16.4179213666,17.6162075658,14.5312835634,16.3550484255,16.8341556664,17.6874992297,15.5782634141,13.4479260483,10.0244000319,11.0681797058,11.4946275277,11.2186804037,13.5838981519,15.7817972044},
{17.390754009,13.6098675967,10.5032496876,7.26224793022,3.81402530144,0.0,3.81923421644,5.24307343073,6.93818924504,7.93066308703,11.1861204624,13.3390718568,17.1304478342,19.773180068,22.9550407536,26.2086051899,26.1976157121,22.7436365166,18.9797163836,16.2216199253,12.828562819,13.301930499,15.0406072351,12.4657596239,15.00070725,16.138418324,17.5520548085,16.1672635285,14.8093873607,11.2791657936,13.0811912684,14.122747431,14.5413551294,17.1143261042,19.5107550341},
{18.147071637,14.3811934832,11.5860689623,7.78733131438,5.56183827525,3.81923421644,0.0,3.81145234786,5.71196113432,6.37751715011,10.1325851094,13.0353793194,16.6445582999,19.7805574744,22.8622081611,26.3817304967,26.566831708,22.9761553355,19.272194945,16.0986367435,12.8791972576,14.3578950059,15.9360016943,13.4849887282,16.1855349618,16.805862608,18.7755321096,17.2195547561,16.153853596,13.0886968412,15.2994385191,15.5444558927,15.6570751739,17.6125056139,19.8877301369},
{19.3322769999,15.6867833223,12.3794491396,8.72351018799,7.20611809506,5.24307343073,3.81145234786,0.0,3.80603586426,6.67297369993,9.77012814655,11.9632771848,15.3910544148,18.5830204488,21.2760019506,24.7026647348,24.4352152845,20.7331371722,17.1741692375,13.7799604499,10.2684446242,11.6936811997,12.6702060362,10.0691957971,12.7154125769,13.2335523953,15.5342739451,14.3191097838,13.9333601475,11.2358728188,14.17195604,14.5674191263,15.5241322463,17.7717434429,20.5951570278},
{22.931994004,19.2202041092,15.9289288403,12.2721574713,10.0622375742,6.93818924504,5.71196113432,3.80603586426,0.0,3.80168712547,6.11905066166,8.21326329786,11.6148396889,14.8739569046,17.6232574174,21.1322030087,21.1237304234,17.4567068487,13.848474212,10.4834538679,7.33935978134,9.51513368272,11.2664302243,9.73951030597,13.1224510668,14.3755847881,17.1029262409,16.645483051,16.8119893528,14.1134249918,17.1663513596,18.0108281042,19.1775056512,21.5464106988,24.3461251537},
{24.4736774515,20.6869967129,17.7462175406,14.0114205561,11.2960872872,7.93066308703,6.37751715011,6.67297369993,3.80168712547,0.0,3.81126304524,7.1767177038,10.5994912142,13.8452133606,17.001378797,20.6452849096,21.313462553,17.861246569,14.2162870328,11.2662620243,9.06340912681,11.5425129846,14.045117479,13.0897994637,16.6494662077,18.1325570453,20.8123667323,20.3298901866,20.2400220109,17.2833031565,19.9999133498,20.8668944982,21.5866720455,23.788113103,26.2239256215},
{28.1406101213,24.348873054,21.2838098328,17.6089843546,14.7886766818,11.1861204624,10.1325851094,9.77012814655,6.11905066166,3.81126304524,0.0,3.80424302589,6.90420277802,10.1877452363,13.3517760242,17.0394031879,17.9930061413,14.6948426667,11.1887626215,8.63211132922,7.63842149924,10.5102521378,13.4210238432,13.5287490922,17.293336896,19.2193782678,22.1320465163,22.2532218117,22.6505647832,19.8256149968,22.7132552929,23.8899803265,24.941302893,27.3084820706,29.8766561215},
{30.5465206693,26.7775117216,23.4743482125,19.9794597274,17.0860024874,13.3390718568,13.0353793194,11.9632771848,8.21326329786,7.1767177038,3.80424302589,0.0,3.81080162171,6.77094823492,9.91877865465,13.4900395107,14.2954446241,11.0556058179,7.50666930136,5.57765192532,5.81887016525,8.34351850241,11.5593679758,12.6647053262,16.4195656459,18.8640527989,21.7710030545,22.5299497114,23.3630713306,20.6870584908,23.665488311,25.2676991632,26.7796468423,29.4530571588,32.2573399709},
{34.2606304962,30.5016418411,27.1700342473,23.6518064004,20.8564245737,17.1304478342,16.6445582999,15.3910544148,11.6148396889,10.5994912142,6.90420277802,3.81080162171,0.0,3.80811987731,6.47776836573,10.2344839147,11.4837644525,8.55942667473,5.82597777201,5.22543184818,7.64628138378,10.0991710551,12.9391307668,14.881404638,18.4439710746,20.9289490658,24.0112650854,25.1551308683,26.3720612202,23.9392892543,27.0475444727,28.6693504635,30.3351940492,32.9927095129,35.8669289039},
{37.0427418667,33.2927430231,29.9158009754,26.5536221823,23.561530362,19.773180068,19.7805574744,18.5830204488,14.8739569046,13.8452133606,10.1877452363,6.77094823492,3.80811987731,0.0,3.77602515881,7.07134909335,8.91303814645,6.93233871071,5.24862420068,7.06313705091,10.0641449711,11.4347951884,14.3477362674,16.8375129102,20.2016816132,23.0682907039,25.9232573956,27.4292525235,28.7370846468,26.2786907779,29.2349209166,31.200439436,33.0245027366,35.882838405,38.7925789037},
{40.0199532858,36.3085454404,32.8310219457,29.4876288806,26.6887725645,22.9550407536,22.8622081611,21.2760019506,17.6232574174,17.001378797,13.3517760242,9.91877865465,6.47776836573,3.77602515881,0.0,3.82009816628,5.86671296383,4.80444190307,5.52890133752,8.24500533657,11.8976898598,13.0816079669,15.2927883004,18.3079227385,21.3254829254,24.1208720821,27.0589184558,28.9311256953,30.6425513624,28.5124331652,31.6198714893,33.5815221067,35.6450846682,38.5178751491,41.5768332849},
{43.1909133152,39.5150961785,35.978747588,32.7642366766,29.9308807254,26.2086051899,26.3817304967,24.7026647348,21.1322030087,20.6452849096,17.0394031879,13.4900395107,10.2344839147,7.07134909335,3.82009816628,0.0,3.78726537227,5.55585366978,7.9592842643,11.3319763943,14.9663747781,15.4855902374,17.38916657,20.729900844,23.4143658893,26.3669163536,29.1066674492,31.3103816968,33.190454441,31.1789490682,34.2046270993,36.3774213627,38.6242293256,41.6306011247,44.7648696413},
{42.6540374877,39.0828112218,35.4235858292,32.3830917301,29.7760404688,26.1976157121,26.566831708,24.4352152845,21.1237304234,21.313462553,17.9930061413,14.2954446241,11.4837644525,8.91303814645,5.86671296383,3.78726537227,0.0,3.78981543086,7.30357864338,10.784726144,14.2504821322,14.1843297339,15.4078268747,19.0216241683,21.2600287159,24.2079656518,26.805633158,29.3225708457,31.4877471566,29.7950636516,32.8577374754,35.1008525537,37.6352960398,40.7297146688,44.035468216},
{39.1176837888,35.5420461144,31.884410799,28.7844974075,26.2823942022,22.7436365166,22.9761553355,20.7331371722,17.4567068487,17.861246569,14.6948426667,11.0556058179,8.55942667473,6.93233871071,4.80444190307,5.55585366978,3.78981543086,0.0,3.81067553066,7.03850190026,10.5278296909,10.7962206813,12.1101388927,15.6016089234,18.081101847,20.9375013791,23.7181675936,26.0223072382,28.119633817,26.3937486727,29.564115495,31.6477143093,34.1148245928,37.1306567138,40.4301374472},
{35.5465554027,31.9288360264,28.3128373004,25.1673231592,22.5614504188,18.9797163836,19.272194945,17.1741692375,13.848474212,14.2162870328,11.1887626215,7.50666930136,5.82597777201,5.24862420068,5.52890133752,7.9592842643,7.30357864338,3.81067553066,0.0,3.81623230425,7.13078102314,7.67735924651,9.81451781801,12.8934147921,15.8532153206,18.7921384627,21.6023952839,23.5407237357,25.3055003902,23.2916201455,26.4206265823,28.4713246092,30.7623869197,33.7649425884,36.9756858219},
{32.5574424671,28.9393505283,25.3458912055,22.0670877553,19.6992708495,16.2216199253,16.0986367435,13.7799604499,10.4834538679,11.2662620243,8.63211132922,5.57765192532,5.22543184818,7.06313705091,8.24500533657,11.3319763943,10.784726144,7.03850190026,3.81623230425,0.0,3.81988599306,5.96243255727,8.00967820827,10.4495732927,13.7236354149,16.2646248343,19.3696110699,20.9182816455,22.6067204831,20.622491896,23.9391882486,25.6449691363,27.8095103517,30.6313870564,33.8310353817},
{28.8007907704,25.2156102444,21.5882596334,18.374458822,16.1426460346,12.828562819,12.8791972576,10.2684446242,7.33935978134,9.06340912681,7.63842149924,5.81887016525,7.64628138378,10.0641449711,11.8976898598,14.9663747781,14.2504821322,10.5278296909,7.13078102314,3.81988599306,0.0,3.81653599485,6.00212012542,7.28484419875,10.8972586461,13.3428877684,16.3816984467,17.556451179,18.9910455215,16.8866666042,20.2196455211,21.853437876,23.9896757169,26.8296250067,30.0470672446},
{28.652302979,25.1944829477,21.4575366014,18.6944149414,16.4179213666,13.301930499,14.3578950059,11.6936811997,9.51513368272,11.5425129846,10.5102521378,8.34351850241,10.0991710551,11.4347951884,13.0816079669,15.4855902374,14.1843297339,10.7962206813,7.67735924651,5.96243255727,3.81653599485,0.0,3.80902677859,5.70714674772,8.9838900817,12.2097125683,14.6546160305,16.3039222582,17.7961639968,15.7166852103,18.8023443751,20.9783507455,23.4696389832,26.6473481795,29.9813378788},
{28.7544699308,25.5209545668,21.7219655648,19.2315749485,17.6162075658,15.0406072351,15.9360016943,12.6702060362,11.2664302243,14.045117479,13.4210238432,11.5593679758,12.9391307668,14.3477362674,15.2927883004,17.38916657,15.4078268747,12.1101388927,9.81451781801,8.00967820827,6.00212012542,3.80902677859,0.0,3.79643424808,6.05122433893,9.1979434658,11.7936054708,13.9611388504,16.1198531631,14.7961883267,18.0902340781,20.0963231712,22.9782607915,26.1057819649,29.655457002},
{25.0648296623,21.9062059472,18.1088120262,15.7757628659,14.5312835634,12.4657596239,13.4849887282,10.0691957971,9.73951030597,13.0897994637,13.5287490922,12.6647053262,14.881404638,16.8375129102,18.3079227385,20.729900844,19.0216241683,15.6016089234,12.8934147921,10.4495732927,7.28484419875,5.70714674772,3.79643424808,0.0,3.79785373599,6.64657784127,9.19469080502,10.6820451693,12.5204477955,11.0909803895,14.5109269862,16.3459892328,19.2085943786,22.316503512,25.883532313},
{25.1326601258,22.3555475442,18.6304711696,16.9311550403,16.3550484255,15.00070725,16.1855349618,12.7154125769,13.1224510668,16.6494662077,17.293336896,16.4195656459,18.4439710746,20.2016816132,21.3254829254,23.4143658893,21.2600287159,18.081101847,15.8532153206,13.7236354149,10.8972586461,8.9838900817,6.05122433893,3.79785373599,0.0,3.81289915943,5.7591515,8.13780621544,10.716075681,10.3440934354,13.5923662767,15.4129854668,18.7319726938,21.847013709,25.5700682439},
{24.0387412524,21.5546990236,18.0156400941,16.5689423621,16.8341556664,16.138418324,16.805862608,13.2335523953,14.3755847881,18.1325570453,19.2193782678,18.8640527989,20.9289490658,23.0682907039,24.1208720821,26.3669163536,24.2079656518,20.9375013791,18.7921384627,16.2646248343,13.3428877684,12.2097125683,9.1979434658,6.64657784127,3.81289915943,0.0,3.81137796604,5.67374920137,8.97040210916,9.75706395387,13.0998571366,14.0753472781,17.4299612449,20.1520676855,23.9418088289},
{23.2025272115,21.1261654826,17.7680947206,17.114852059,17.6874992297,17.5520548085,18.7755321096,15.5342739451,17.1029262409,20.8123667323,22.1320465163,21.7710030545,24.0112650854,25.9232573956,27.0589184558,29.1066674492,26.805633158,23.7181675936,21.6023952839,19.3696110699,16.3816984467,14.6546160305,11.7936054708,9.19469080502,5.7591515,3.81137796604,0.0,3.78871350197,7.19969929928,8.86306386077,11.4190963303,12.6684715337,16.3473336358,19.2086365471,22.9985567808},
{19.7138423195,17.8117377591,14.6493246943,14.3500286062,15.5782634141,16.1672635285,17.2195547561,14.3191097838,16.645483051,20.3298901866,22.2532218117,22.5299497114,25.1551308683,27.4292525235,28.9311256953,31.3103816968,29.3225708457,26.0223072382,23.5407237357,20.9182816455,17.556451179,16.3039222582,13.9611388504,10.6820451693,8.13780621544,5.67374920137,3.78871350197,0.0,3.79101727772,6.32337655055,8.79665987748,9.25477395726,12.8458286226,15.5169711606,19.312808703},
{16.1082345091,14.3654043452,11.3900306409,11.7987504847,13.4479260483,14.8093873607,16.153853596,13.9333601475,16.8119893528,20.2400220109,22.6505647832,23.3630713306,26.3720612202,28.7370846468,30.6425513624,33.190454441,31.4877471566,28.119633817,25.3055003902,22.6067204831,18.9910455215,17.7961639968,16.1198531631,12.5204477955,10.716075681,8.97040210916,7.19969929928,3.79101727772,0.0,3.80717572486,5.35541417633,5.51478857256,9.20892463863,12.1135387893,15.872411789},
{15.0051345879,12.5864344832,9.12737097964,9.03858805345,10.0244000319,11.2791657936,13.0886968412,11.2358728188,14.1134249918,17.2833031565,19.8256149968,20.6870584908,23.9392892543,26.2786907779,28.5124331652,31.1789490682,29.7950636516,26.3937486727,23.2916201455,20.622491896,16.8866666042,15.7166852103,14.7961883267,11.0909803895,10.3440934354,9.75706395387,8.86306386077,6.32337655055,3.80717572486,0.0,3.79875058407,5.38182441185,8.56288304253,12.0157595266,15.6196646251}
{12.9717410551,11.1606489507,8.34376707489,9.7603224332,11.0681797058,13.0811912684,15.2994385191,14.17195604,17.1663513596,19.9999133498,22.7132552929,23.665488311,27.0475444727,29.2349209166,31.6198714893,34.2046270993,32.8577374754,29.564115495,26.4206265823,23.9391882486,20.2196455211,18.8023443751,18.0902340781,14.5109269862,13.5923662767,13.0998571366,11.4190963303,8.79665987748,5.35541417633,3.79875058407,0.0,3.8032714865,6.76250988909,10.4789530488,13.7834113702},
{10.6727009702,9.2899413884,7.01441066662,8.9816897074,11.4946275277,14.122747431,15.5444558927,14.5674191263,18.0108281042,20.8668944982,23.8899803265,25.2676991632,28.6693504635,31.200439436,33.5815221067,36.3774213627,35.1008525537,31.6477143093,28.4713246092,25.6449691363,21.853437876,20.9783507455,20.0963231712,16.3459892328,15.4129854668,14.0753472781,12.6684715337,9.25477395726,5.51478857256,5.38182441185,3.8032714865,0.0,3.80183560928,7.11891880836,10.7150128791},
{6.91027973385,5.92761073283,4.97106557993,8.10092920596,11.2186804037,14.5413551294,15.6570751739,15.5241322463,19.1775056512,21.5866720455,24.941302893,26.7796468423,30.3351940492,33.0245027366,35.6450846682,38.6242293256,37.6352960398,34.1148245928,30.7623869197,27.8095103517,23.9896757169,23.4696389832,22.9782607915,19.2085943786,18.7319726938,17.4299612449,16.3473336358,12.8458286226,9.20892463863,8.56288304253,6.76250988909,3.80183560928,0.0,3.80286799666,7.12963989273},
{5.32419355396,5.98814879575,6.98308241395,10.0324132192,13.5838981519,17.1143261042,17.6125056139,17.7717434429,21.5464106988,23.788113103,27.3084820706,29.4530571588,32.9927095129,35.882838405,38.5178751491,41.6306011247,40.7297146688,37.1306567138,33.7649425884,30.6313870564,26.8296250067,26.6473481795,26.1057819649,22.316503512,21.847013709,20.1520676855,19.2086365471,15.5169711606,12.1135387893,12.0157595266,10.4789530488,7.11891880836,3.80286799666,0.0,3.80686091156},
{3.73623915187,6.50810709807,9.16174121005,12.360166706,15.7817972044,19.5107550341,19.8877301369,20.5951570278,24.3461251537,26.2239256215,29.8766561215,32.2573399709,35.8669289039,38.7925789037,41.5768332849,44.7648696413,44.035468216,40.4301374472,36.9756858219,33.8310353817,30.0470672446,29.9813378788,29.655457002,25.883532313,25.5700682439,23.9418088289,22.9985567808,19.312808703,15.872411789,15.6196646251,13.7834113702,10.7150128791,7.12963989273,3.80686091156,0.0}}
